# ID,label,height,hw_ratio,height_var,root_density,cmass_density,2d_density,2d_hull_area,shape_index,compactness,linearity,sphericity
   0.00000,   0.00000,   5.02000,   0.73232,   0.50078,   0.00221,   0.00663,  38.49793,  46.98954,   1.64152,   0.44169,   0.70143,   0.01788
   1.00000,   0.00000,   3.60000,   0.49346,   0.64631,   0.03324,   0.00000,  39.00557,  53.22318,   1.86922,   0.71693,   0.22824,   0.05832
   2.00000,   0.00000,   7.49000,   0.48357,   2.10870,   0.00592,   0.00000,  37.31486, 239.90445,   4.01883,   0.69447,   0.36718,   0.15586
   3.00000,   0.00000,   7.07000,   0.43366,   2.43769,   0.00146,   0.00000,  38.67346, 265.78952,   4.28723,   0.70602,   0.59589,   0.15477
   4.00000,   0.00000,   5.21000,   0.28552,   0.59793,   0.00313,   0.00000,  36.41466, 332.97028,   4.87980,   0.63461,   0.19935,   0.04267
   5.00000,   0.00000,   3.70000,   0.36575,   0.39505,   0.01123,   0.00000,  33.06717, 102.33717,   2.63021,   0.62004,   0.13887,   0.04635
   6.00000,   0.00000,   1.66000,   0.17913,   0.17564,   0.23239,   0.00000,  37.68288,  85.87453,   2.36997,   0.55442,   0.58984,   0.03123
   7.00000,   0.00000,   3.75000,   0.19603,   0.41666,   0.12929,   0.00225,  35.16768, 365.96097,   4.82694,   0.59268,   0.33788,   0.44099
   8.00000,   0.00000,   5.77000,   0.38225,   0.65017,   0.01203,   0.00323,  33.92091, 227.85353,   3.97012,   0.64960,   0.34282,   0.28252
   9.00000,   0.00000,   6.66000,   0.49580,   1.48691,   0.00485,   0.00000,  30.84051, 180.44446,   3.25629,   0.67348,   0.71332,   0.15441
  10.00000,   0.00000,   3.59000,   0.25848,   0.32180,   0.00042,   0.00000,  37.22765, 192.89429,   3.51677,   0.47108,   0.10398,   0.22234
  11.00000,   0.00000,   6.65000,   0.39943,   2.07684,   0.00225,   0.00000,  35.33745, 277.18469,   4.48349,   0.59080,   0.37830,   0.18365
  12.00000,   0.00000,   4.32000,   0.60998,   0.48706,   0.01471,   0.00000,  37.96001,  50.15804,   1.82713,   0.65306,   0.36896,   0.13135
  13.00000,   0.00000,   5.85000,   0.44534,   0.43996,   0.00414,   0.00000,  34.98544, 172.55748,   3.39995,   0.54433,   0.85086,   0.11311
  14.00000,   0.00000,   4.82000,   0.35509,   0.58294,   0.00835,   0.00000,  38.97842, 184.25580,   3.53537,   0.69421,   0.09281,   0.05667
  15.00000,   0.00000,   9.57000,   0.34582,   2.24170,   0.00137,   0.00087,  34.41076, 765.83606,   7.11978,   0.78510,   0.51076,   0.38580
  16.00000,   0.00000,   5.06000,   0.43228,   1.24917,   0.03811,   0.00000,  39.25908, 137.01289,   3.09228,   0.74301,   0.12338,   0.05580
  17.00000,   0.00000,   2.72000,   0.18818,   0.15277,   0.00057,   0.00428,  33.55090, 208.93623,   3.64275,   0.59931,   0.13840,   0.02356
  18.00000,   0.00000,   2.92000,   0.52286,   0.28455,   0.02504,   0.00805,  35.84597,  31.18900,   1.37856,   0.69274,   0.26612,   0.09989
  19.00000,   0.00000,   5.88000,   0.46837,   0.71930,   0.01180,   0.00000,  38.18369, 157.60658,   3.30481,   0.69618,   0.05145,   0.23290
  20.00000,   0.00000,   6.99000,   0.55363,   1.51990,   0.00475,   0.00000,  38.30426, 159.40784,   3.24226,   0.70088,   0.51147,   0.17660
  21.00000,   0.00000,   4.37000,   0.31791,   0.61517,   0.00862,   0.00227,  34.97703, 188.95256,   3.48071,   0.57890,   0.23074,   0.03529
  22.00000,   0.00000,   8.13000,   0.37462,   3.22125,   0.00526,   0.00000,  38.36380, 470.96478,   5.41044,   0.65651,   0.30613,   0.07043
  23.00000,   0.00000,   8.38000,   0.42447,   3.00118,   0.00515,   0.00000,  36.89659, 389.76498,   5.05520,   0.74480,   0.06169,   0.03085
  24.00000,   0.00000,   4.66000,   0.31750,   0.37639,   0.00580,   0.00382,  35.21519, 215.41841,   3.80291,   0.65170,   0.26756,   0.20589
  25.00000,   0.00000,   2.12000,   0.20167,   0.25132,   0.11421,   0.00000,  31.13742, 110.51012,   2.74039,   0.61237,   0.43348,   0.03219
  26.00000,   0.00000,   7.72000,   0.48874,   3.26778,   0.00205,   0.00000,  39.04505, 249.50665,   4.32931,   0.59696,   0.19457,   0.09006
  27.00000,   0.00000,   3.03000,   0.33832,   0.10673,   0.00957,   0.00365,  27.35293,  80.21077,   2.35635,   0.58040,   0.34051,   0.08748
  28.00000,   0.00000,   5.61000,   0.41617,   0.75458,   0.00919,   0.00000,  37.71427, 181.70844,   3.55038,   0.65387,   0.22146,   0.29452
  29.00000,   0.00000,   4.31000,   0.25130,   0.28010,   0.00265,   0.00000,  33.41534, 294.14636,   4.37862,   0.53417,   0.58567,   0.06256
  30.00000,   0.00000,   7.49000,   0.45616,   1.36953,   0.00161,   0.00000,  36.84669, 269.60358,   4.28810,   0.61301,   0.57289,   0.13752
  31.00000,   0.00000,   7.64000,   0.40353,   3.22070,   0.00118,   0.00000,  37.91010, 358.45328,   4.96995,   0.63676,   0.26987,   0.08029
  32.00000,   0.00000,   3.53000,   0.33235,   0.10427,   0.00164,   0.00818,  32.49578, 112.81466,   2.63900,   0.38008,   0.42316,   0.07062
  33.00000,   0.00000,   6.90000,   0.90613,   2.18559,   0.01318,   0.00000,  32.71500,  57.98563,   1.95486,   0.65470,   0.06371,   0.25115
  34.00000,   0.00000,   8.35000,   0.38620,   1.20943,   0.00120,   0.00195,  28.50326, 467.45523,   5.61189,   0.46937,   0.69046,   0.12577
  35.00000,   0.00000,   6.74000,   0.47654,   1.39621,   0.00526,   0.00000,  37.03196, 200.04341,   3.67095,   0.75315,   0.00978,   0.22162
  36.00000,   0.00000,   7.29000,   0.57254,   1.90545,   0.00597,   0.00000,  38.23646, 162.12274,   3.45106,   0.64954,   0.72208,   0.21799
  37.00000,   0.00000,   6.93000,   0.45235,   1.53086,   0.00676,   0.00000,  35.94304, 234.70467,   4.05879,   0.71404,   0.23231,   0.10219
  38.00000,   0.00000,   5.82000,   0.43327,   0.38005,   0.00501,   0.00035,  32.04916, 180.44153,   3.46646,   0.45921,   0.40534,   0.10829
  39.00000,   0.00000,   2.85000,   0.45227,   0.27888,   0.02676,   0.00243,  31.05048,  39.70953,   1.58771,   0.78550,   0.46346,   0.03445
  40.00000,   0.00000,   3.44000,   0.48325,   0.46146,   0.01228,   0.00000,  32.14786,  50.67211,   1.76753,   0.64546,   0.25816,   0.25235
  41.00000,   0.00000,   3.50000,   0.41678,   0.46765,   0.03608,   0.00000,  40.08675,  70.52206,   2.12574,   0.73255,   0.32968,   0.03172
  42.00000,   0.00000,   6.76000,   0.44152,   0.40559,   0.00256,   0.00000,  33.31246, 234.41676,   3.79621,   0.53425,   0.75022,   0.20054
  43.00000,   0.00000,   8.13000,   0.49664,   1.61997,   0.00413,   0.00000,  30.73040, 267.97571,   4.31771,   0.63118,   0.60913,   0.23095
  44.00000,   0.00000,   4.83000,   0.28411,   0.32803,   0.00238,   0.00000,  33.46198, 289.01459,   4.46216,   0.62385,   0.08672,   0.65913
  45.00000,   0.00000,   6.61000,   0.50742,   1.48648,   0.00139,   0.00000,  38.24561, 169.69267,   3.40761,   0.51415,   0.69734,   0.15028
  46.00000,   0.00000,   8.29000,   0.75334,   2.16194,   0.00116,   0.00290,  28.45708, 121.09467,   2.60336,   0.60736,   0.21507,   0.31291
  47.00000,   0.00000,   8.00000,   0.41656,   2.34568,   0.00333,   0.00000,  38.26780, 368.82187,   4.78409,   0.80273,   0.18969,   0.04306
  48.00000,   0.00000,   5.52000,   0.55761,   0.65935,   0.01607,   0.00000,  33.01066,  97.99865,   2.48474,   0.48658,   0.59138,   0.13891
  49.00000,   0.00000,   7.57000,   0.63218,   1.07240,   0.00171,   0.00000,  40.67360, 143.38541,   3.01049,   0.69358,   0.39371,   0.25218
  50.00000,   0.00000,   4.89000,   0.33327,   0.26758,   0.00148,   0.00324,  34.42363, 215.28818,   3.77567,   0.55148,   0.46230,   0.16905
  51.00000,   0.00000,   4.82000,   0.32635,   0.55372,   0.01267,   0.00097,  37.63688, 218.13708,   3.89116,   0.81444,   0.71945,   0.16337
  52.00000,   0.00000,   9.35000,   0.47182,   4.10341,   0.00875,   0.00000,  32.60950, 392.70761,   5.21580,   0.77866,   0.17991,   0.07398
  53.00000,   0.00000,   4.15000,   0.49010,   0.29026,   0.00943,   0.00000,  36.95936,  71.70038,   2.22146,   0.56482,   0.28572,   0.11532
  54.00000,   0.00000,  10.97000,   0.58445,   4.99637,   0.00139,   0.00000,  38.79368, 352.29965,   4.93591,   0.71342,   0.12333,   0.02334
  55.00000,   0.00000,   9.15000,   0.47276,   2.80272,   0.00337,   0.00000,  38.00163, 374.58926,   4.99524,   0.68229,   0.48928,   0.24894
  56.00000,   0.00000,   4.78000,   0.37259,   0.51914,   0.00546,   0.00000,  36.74586, 164.58997,   3.19133,   0.70169,   0.10172,   0.03228
  57.00000,   0.00000,   6.45000,   0.41013,   2.20801,   0.01462,   0.00000,  37.87654, 247.32991,   4.14872,   0.66215,   0.51828,   0.19456
  58.00000,   0.00000,   3.58000,   0.46619,   0.45327,   0.00844,   0.00000,  38.15356,  58.97221,   1.92920,   0.50140,   0.46272,   0.09615
  59.00000,   0.00000,   4.30000,   0.29021,   0.70796,   0.03190,   0.00000,  35.41046, 219.53967,   3.84784,   0.65354,   0.20308,   0.02876
  60.00000,   0.00000,   9.45000,   0.16024,   0.79151,   0.00006,   0.00002,  36.11293,3478.11670,  12.24774,   0.76276,   0.66962,   0.08772
  61.00000,   0.00000,   4.85000,   0.38541,   0.44326,   0.01068,   0.00000,  36.05188, 158.35512,   3.25281,   0.67486,   0.22128,   0.54309
  62.00000,   0.00000,   5.33000,   0.50390,   0.48587,   0.01349,   0.00000,  39.09486, 111.88171,   2.75629,   0.64077,   0.32347,   0.50424
  63.00000,   0.00000,   3.71000,   0.34614,   0.39633,   0.01210,   0.00000,  37.40525, 114.87693,   2.78770,   0.60755,   0.56703,   0.03398
  64.00000,   0.00000,   9.42000,   0.32921,   2.48250,   0.00292,   0.00096,  34.32100, 818.74066,   7.24640,   0.79515,   0.40090,   0.39597
  65.00000,   0.00000,   1.50000,   0.19568,   0.14688,   0.25854,   0.00000,  37.84772,  58.76180,   1.96514,   0.57381,   0.17613,   0.03679
  66.00000,   0.00000,   4.62000,   0.28563,   0.42070,   0.01613,   0.00308,  31.04166, 261.61612,   3.83951,   0.59763,   0.41691,   0.17833
  67.00000,   0.00000,   7.14000,   0.57744,   2.17676,   0.00419,   0.00000,  43.68464, 152.89128,   2.89302,   0.82941,   0.12831,   0.03329
  68.00000,   0.00000,   8.56000,   0.54266,   2.54009,   0.00224,   0.00000,  39.50571, 248.82475,   4.11761,   0.60364,   0.45450,   0.27030
  69.00000,   0.00000,   7.49000,   0.38911,   3.33629,   0.00699,   0.00000,  37.46091, 370.51959,   5.10555,   0.64199,   0.31096,   0.05743
  70.00000,   0.00000,   7.15000,   0.48952,   1.66342,   0.00516,   0.00000,  39.98841, 213.33684,   3.72073,   0.64963,   0.78590,   0.19999
  71.00000,   0.00000,   2.76000,   0.41080,   0.17890,   0.02892,   0.01365,  27.58066,  45.14034,   1.65674,   0.68018,   0.69085,   0.02858
  72.00000,   0.00000,   4.23000,   0.43693,   0.34744,   0.00533,   0.00000,  35.99811,  93.72715,   2.42591,   0.53944,   0.22414,   0.05073
  73.00000,   0.00000,  10.21000,   0.48943,   4.40855,   0.00211,   0.00000,  38.10988, 435.18896,   5.05205,   0.66103,   0.12016,   0.04364
  74.00000,   0.00000,   7.94000,   0.45519,   2.27305,   0.00568,   0.00000,  38.79819, 304.26672,   4.45367,   0.79072,   0.19196,   0.05776
  75.00000,   0.00000,   4.37000,   0.41326,   0.45783,   0.01562,   0.00256,  34.92329, 111.81649,   2.67635,   0.60737,   0.43808,   0.10821
  76.00000,   0.00000,  10.85000,   0.56080,   4.38812,   0.00824,   0.00000,  38.23469, 374.31976,   5.02203,   0.77723,   0.47739,   0.12817
  77.00000,   0.00000,   7.14000,   0.58743,   0.89153,   0.00241,   0.00000,  39.25880, 147.73758,   3.14098,   0.70835,   0.61801,   0.15405
  78.00000,   0.00000,   3.83000,   0.53764,   0.46148,   0.01212,   0.00000,  37.40028,  50.74828,   1.83750,   0.72424,   0.72191,   0.05446
  79.00000,   0.00000,   1.84000,   0.19346,   0.20880,   0.31004,   0.00000,  37.97228,  90.46072,   2.37905,   0.49866,   0.16751,   0.06673
  80.00000,   0.00000,   5.89000,   0.44065,   0.71390,   0.01022,   0.00000,  38.33364, 178.66815,   3.54981,   0.62179,   0.43870,   0.30604
  81.00000,   0.00000,   5.53000,   0.50054,   1.43139,   0.01333,   0.00000,  22.73464, 122.06044,   2.84516,   0.59821,   0.25338,   0.07217
  82.00000,   0.00000,   7.61000,   0.52391,   1.45001,   0.00433,   0.00000,  33.90729, 210.98706,   3.61164,   0.70986,   0.43081,   0.39906
  83.00000,   0.00000,   8.25000,   0.55124,   2.90074,   0.00620,   0.00000,  39.63578, 223.98956,   3.88675,   0.64066,   0.13145,   0.36924
  84.00000,   0.00000,   7.52000,   0.48333,   3.39377,   0.00475,   0.00000,  38.27822, 242.06973,   4.25963,   0.63673,   0.43416,   0.12680
  85.00000,   0.00000,   5.83000,   0.48421,   0.58956,   0.00447,   0.00000,  35.48319, 144.97005,   3.07678,   0.48669,   0.46844,   0.17672
  86.00000,   0.00000,   7.28000,   0.47784,   3.19256,   0.00228,   0.00000,  39.71782, 232.11243,   4.17067,   0.55660,   0.49685,   0.10787
  87.00000,   0.00000,   7.55000,   0.57333,   1.30437,   0.00345,   0.00000,  38.39418, 173.41170,   3.42084,   0.60231,   0.23723,   0.05152
  88.00000,   0.00000,   5.55000,   0.31359,   0.58930,   0.00531,   0.00000,  36.06252, 313.23380,   4.58247,   0.60226,   0.24837,   0.41458
  89.00000,   0.00000,   5.18000,   0.54792,   0.39715,   0.01354,   0.00206,  38.00750,  89.37711,   2.49257,   0.56536,   0.29175,   0.29953
  90.00000,   0.00000,   3.79000,   0.28128,   0.55910,   0.00203,   0.00000,  37.89991, 181.55719,   3.49830,   0.40418,   0.20524,   0.04053
  91.00000,   0.00000,   7.05000,   0.55011,   1.22182,   0.00819,   0.00000,  40.13010, 164.24080,   3.27532,   0.79453,   0.12496,   0.60458
  92.00000,   0.00000,   7.38000,   0.43515,   2.32295,   0.00308,   0.00000,  37.24250, 287.62842,   4.29698,   0.65539,   0.38528,   0.22495
  93.00000,   0.00000,   5.45000,   0.51899,   0.71117,   0.00162,   0.00460,  33.51648, 110.27412,   2.63285,   0.37462,   0.59639,   0.00721
  94.00000,   0.00000,   3.30000,   0.44728,   0.26256,   0.01410,   0.00000,  19.54668,  54.43378,   1.81233,   0.67450,   0.51645,   0.10397
  95.00000,   0.00000,   4.34000,   0.28131,   0.29060,   0.00207,   0.00310,  32.51781, 238.02341,   3.92134,   0.67506,   0.08497,   0.17208
  96.00000,   0.00000,   8.22000,   0.54951,   2.94242,   0.00353,   0.00000,  38.00912, 223.76207,   3.95400,   0.64373,   0.19356,   0.07052
  97.00000,   0.00000,   7.08000,   0.55326,   2.64496,   0.00071,   0.00000,  34.24548, 163.75883,   3.23781,   0.61435,   0.21560,   0.08119
  98.00000,   0.00000,   7.77000,   0.36602,   3.01308,   0.00103,   0.00000,  38.90509, 450.63507,   5.35444,   0.65317,   0.22992,   0.07153
  99.00000,   0.00000,   8.36000,   0.65514,   0.94862,   0.00362,   0.00000,  40.66706, 162.83449,   3.24592,   0.63153,   0.83059,   0.08672
 100.00000,   1.00000,   1.25000,   0.41983,   0.05765,   0.06667,   0.06667,  16.92059,   8.86494,   0.71804,   0.51052,   0.69206,   0.02527
 101.00000,   1.00000,   1.51000,   0.47089,   0.07168,   0.02812,   0.05000,  31.11967,  10.28288,   0.78036,   0.49549,   0.43581,   0.03631
 102.00000,   1.00000,   1.69000,   0.50558,   0.14066,   0.03990,   0.02494,  35.88857,  11.17347,   0.81729,   0.61372,   0.38178,   0.07423
 103.00000,   1.00000,   1.25000,   0.41097,   0.09407,   0.24051,   0.05063,  34.15788,   9.25116,   0.75408,   0.59150,   0.32285,   0.02865
 104.00000,   1.00000,   1.38000,   0.38987,   0.10490,   0.22189,   0.01479,  26.97661,  12.52937,   0.80291,   0.55857,   0.15654,   0.24242
 105.00000,   1.00000,   0.96000,   0.31833,   0.04308,   0.37419,   0.05161,  34.08574,   9.09471,   0.74928,   0.55990,   0.20666,   0.04242
 106.00000,   1.00000,   1.15000,   0.40182,   0.08379,   0.20625,   0.10625,  19.53359,   8.19102,   0.64723,   0.39719,   0.70844,   0.02073
 107.00000,   1.00000,   1.09000,   0.37627,   0.04169,   0.10714,   0.06548,  40.04005,   8.39160,   0.72759,   0.58129,   0.37018,   0.05010
 108.00000,   1.00000,   1.47000,   0.58605,   0.10236,   0.07330,   0.10471,  30.35800,   6.29159,   0.61850,   0.49055,   0.57513,   0.03082
 109.00000,   1.00000,   0.99000,   0.36961,   0.05610,   0.41418,   0.08955,  37.35617,   7.17418,   0.65813,   0.61794,   0.14414,   0.03920
 110.00000,   1.00000,   1.69000,   0.43789,   0.10910,   0.16992,   0.00000,  34.37410,  14.89493,   0.91949,   0.55233,   0.59337,   0.13581
 111.00000,   1.00000,   1.12000,   0.34847,   0.04611,   0.10840,   0.05962,  35.72105,  10.33004,   0.78798,   0.58361,   0.37367,   0.03316
 112.00000,   1.00000,   1.56000,   0.54135,   0.10485,   0.02381,   0.05952,  20.23093,   8.30412,   0.67414,   0.43092,   0.71602,   0.04479
 113.00000,   1.00000,   1.00000,   0.32234,   0.06777,   0.36860,   0.07850,  30.44369,   9.62433,   0.77411,   0.59187,   0.48948,   0.01516
 114.00000,   1.00000,   1.33000,   0.35686,   0.08361,   0.09398,   0.03855,  29.87739,  13.89010,   0.91070,   0.65535,   0.35890,   0.11673
 115.00000,   1.00000,   1.38000,   0.48267,   0.08597,   0.09507,   0.06338,  34.74186,   8.17458,   0.68136,   0.57753,   0.53582,   0.04320
 116.00000,   1.00000,   1.43000,   0.60413,   0.07664,   0.49174,   0.05372,  43.19196,   5.60289,   0.59631,   0.45446,   0.42900,   0.18990
 117.00000,   1.00000,   1.09000,   0.37111,   0.05220,   0.19595,   0.05068,  34.31253,   8.62659,   0.70625,   0.55351,   0.08752,   0.03225
 118.00000,   1.00000,   1.27000,   0.49382,   0.10202,   0.15607,   0.07514,  26.15587,   6.61419,   0.61564,   0.55881,   0.68526,   0.03163
 119.00000,   1.00000,   1.03000,   0.36003,   0.04264,   0.15823,   0.06962,  19.30419,   8.18475,   0.67432,   0.46737,   0.67248,   0.02397
 120.00000,   1.00000,   1.10000,   0.41191,   0.10271,   0.42308,   0.06410,  21.87448,   7.13160,   0.67450,   0.39319,   0.63055,   0.03586
 121.00000,   1.00000,   1.26000,   0.45670,   0.05460,   0.04403,   0.05031,  20.88908,   7.61163,   0.64956,   0.47228,   0.62845,   0.03332
 122.00000,   1.00000,   1.69000,   0.57650,   0.12390,   0.04217,   0.06024,  19.31687,   8.59353,   0.74334,   0.50760,   0.55626,   0.05951
 123.00000,   1.00000,   1.24000,   0.41986,   0.05895,   0.09732,   0.06040,  34.16581,   8.72217,   0.71796,   0.58807,   0.75381,   0.02146
 124.00000,   1.00000,   1.59000,   0.44312,   0.11924,   0.33267,   0.00601,  38.75732,  12.87499,   0.85449,   0.60337,   0.47284,   0.18064
 125.00000,   1.00000,   1.43000,   0.51210,   0.08409,   0.04851,   0.08209,  34.36902,   7.79772,   0.69409,   0.60187,   0.57086,   0.02676
 126.00000,   1.00000,   1.33000,   0.46993,   0.07802,   0.08696,   0.07971,  34.45701,   8.00998,   0.71071,   0.57544,   0.06488,   0.17907
 127.00000,   1.00000,   1.33000,   0.34701,   0.06774,   0.07111,   0.01778,  30.63331,  14.68989,   0.94764,   0.45482,   0.40923,   0.04945
 128.00000,   1.00000,   1.38000,   0.52847,   0.08332,   0.02098,   0.06993,  20.97114,   6.81889,   0.64698,   0.47790,   0.66326,   0.02299
 129.00000,   1.00000,   1.48000,   0.45072,   0.10323,   0.15094,   0.00236,  39.32389,  10.78225,   0.78839,   0.62493,   0.50806,   0.05523
 130.00000,   1.00000,   1.23000,   0.41417,   0.05061,   0.07764,   0.06522,  36.50890,   8.81977,   0.73987,   0.55782,   0.46397,   0.05801
 131.00000,   1.00000,   1.30000,   0.41352,   0.06465,   0.20000,   0.04000,  35.41312,   9.88334,   0.77274,   0.57116,   0.61629,   0.02988
 132.00000,   1.00000,   1.15000,   0.38422,   0.09018,   0.41317,   0.05389,  37.28368,   8.95834,   0.73332,   0.66784,   0.52413,   0.05696
 133.00000,   1.00000,   1.51000,   0.45647,   0.08143,   0.03713,   0.02228,  36.91953,  10.94272,   0.80483,   0.50696,   0.25132,   0.09221
 134.00000,   1.00000,   1.31000,   0.41359,   0.08412,   0.08392,   0.04895,  28.50765,  10.03240,   0.77443,   0.60160,   0.29544,   0.05763
 135.00000,   1.00000,   1.66000,   0.50596,   0.08811,   0.01238,   0.00000,  37.53113,  10.76440,   0.80042,   0.45594,   0.55919,   0.06209
 136.00000,   1.00000,   1.22000,   0.40935,   0.06598,   0.32984,   0.03141,  21.50359,   8.88224,   0.72375,   0.46362,   0.57994,   0.03757
 137.00000,   1.00000,   1.03000,   0.38635,   0.06691,   0.39098,   0.09023,  18.71283,   7.10742,   0.65955,   0.53793,   0.69310,   0.04868
 138.00000,   1.00000,   1.19000,   0.47779,   0.08826,   0.68878,   0.04592,  31.59586,   6.20334,   0.57449,   0.47934,   0.67311,   0.09805
 139.00000,   1.00000,   1.48000,   0.50676,   0.09775,   0.03915,   0.05338,  32.94429,   8.52955,   0.72350,   0.51894,   0.40535,   0.04338
 140.00000,   1.00000,   1.31000,   0.43091,   0.08396,   0.16286,   0.05429,  37.87082,   9.24194,   0.75869,   0.56191,   0.52827,   0.04748
 141.00000,   1.00000,   0.98000,   0.36096,   0.06168,   0.37762,   0.06993,  19.39957,   7.37130,   0.66436,   0.43898,   0.68740,   0.03320
 142.00000,   1.00000,   1.26000,   0.44540,   0.06495,   0.05229,   0.07843,  19.11832,   8.00279,   0.66640,   0.47966,   0.63292,   0.04901
 143.00000,   1.00000,   1.85000,   0.62565,   0.17801,   0.04027,   0.06711,  34.08268,   8.74345,   0.72874,   0.42317,   0.15595,   0.04986
 144.00000,   1.00000,   1.38000,   0.44349,   0.04110,   0.01356,   0.08475,  30.46777,   9.68236,   0.77155,   0.46958,   0.03128,   0.07834
 145.00000,   1.00000,   1.63000,   0.63051,   0.12941,   0.03681,   0.07362,  24.38917,   6.68329,   0.62111,   0.47279,   0.73872,   0.02873
 146.00000,   1.00000,   1.16000,   0.42758,   0.07349,   0.14729,   0.04651,  17.52739,   7.35991,   0.66326,   0.50114,   0.69289,   0.05049
 147.00000,   1.00000,   1.81000,   0.57088,   0.13689,   0.03030,   0.07407,  29.54489,  10.05250,   0.79456,   0.40926,   0.32458,   0.01380
 148.00000,   1.00000,   1.42000,   0.48231,   0.09072,   0.10334,   0.05167,  37.95597,   8.66794,   0.74486,   0.54785,   0.41794,   0.05678
 149.00000,   1.00000,   1.38000,   0.47903,   0.11693,   0.15265,   0.06231,  38.67935,   8.29900,   0.70390,   0.45106,   0.68884,   0.03678
 150.00000,   1.00000,   1.02000,   0.34186,   0.04219,   0.37864,   0.04207,  34.70938,   8.90249,   0.71876,   0.57610,   0.16877,   0.04941
 151.00000,   1.00000,   1.22000,   0.41011,   0.06721,   0.10989,   0.03297,  20.56602,   8.84955,   0.73964,   0.54649,   0.51425,   0.06119
 152.00000,   1.00000,   1.46000,   0.37920,   0.13261,   0.24412,   0.00000,  37.30312,  14.82450,   0.93323,   0.64147,   0.27397,   0.09621
 153.00000,   1.00000,   1.11000,   0.43618,   0.08930,   0.45455,   0.08333,  20.38217,   6.47625,   0.59577,   0.43408,   0.86257,   0.02662
 154.00000,   1.00000,   0.67000,   0.27437,   0.02944,   0.26415,   0.16038,  17.77638,   5.96297,   0.61226,   0.45880,   0.76892,   0.01440
 155.00000,   1.00000,   0.98000,   0.32660,   0.06011,   0.38125,   0.05000,  17.77098,   9.00344,   0.70471,   0.57186,   0.65022,   0.02830
 156.00000,   1.00000,   1.60000,   0.44301,   0.09520,   0.03010,   0.03344,  22.92205,  13.04421,   0.83991,   0.57574,   0.48642,   0.10033
 157.00000,   1.00000,   1.01000,   0.33180,   0.04489,   0.30225,   0.05145,  33.56448,   9.26575,   0.75253,   0.63338,   0.33721,   0.03857
 158.00000,   1.00000,   1.47000,   0.52022,   0.09341,   0.04305,   0.05629,  37.82185,   7.98480,   0.68887,   0.47753,   0.33384,   0.04359
 159.00000,   1.00000,   0.85000,   0.33209,   0.05631,   0.28467,   0.15328,  20.91250,   6.55110,   0.59182,   0.56008,   0.81440,   0.01506
 160.00000,   1.00000,   1.13000,   0.39766,   0.05318,   0.10471,   0.07853,  23.65338,   8.07495,   0.67853,   0.55485,   0.53502,   0.03052
 161.00000,   1.00000,   1.48000,   0.48471,   0.09079,   0.03195,   0.04473,  33.57319,   9.32291,   0.74616,   0.56962,   0.39785,   0.03805
 162.00000,   1.00000,   1.49000,   0.41069,   0.12091,   0.20399,   0.00000,  34.26378,  13.16259,   0.83750,   0.57416,   0.30522,   0.06266
 163.00000,   1.00000,   0.49000,   0.26417,   0.00435,   1.00000,   0.23585,  30.81022,   3.44042,   0.48160,   0.47162,   0.67877,   0.00962
 164.00000,   1.00000,   1.30000,   0.39062,   0.06639,   0.07692,   0.02473,  32.86405,  11.07593,   0.82109,   0.56642,   0.08926,   0.05823
 165.00000,   1.00000,   1.31000,   0.46718,   0.05767,   0.03731,   0.08209,  17.04267,   7.86262,   0.66368,   0.44264,   0.83127,   0.02300
 166.00000,   1.00000,   1.62000,   0.54073,   0.15960,   0.06215,   0.05085,  19.72006,   8.97563,   0.73534,   0.46408,   0.66714,   0.01320
 167.00000,   1.00000,   0.98000,   0.36063,   0.04264,   0.28873,   0.07042,  19.22863,   7.38482,   0.64720,   0.48454,   0.70372,   0.02773
 168.00000,   1.00000,   1.56000,   0.45652,   0.16400,   0.22280,   0.00000,  33.05695,  11.67682,   0.81086,   0.50923,   0.45262,   0.03140
 169.00000,   1.00000,   1.28000,   0.40536,   0.06256,   0.04420,   0.04420,  36.30585,   9.97085,   0.77520,   0.64156,   0.29192,   0.02769
 170.00000,   1.00000,   1.04000,   0.37259,   0.06068,   0.35094,   0.07170,  34.01365,   7.79099,   0.68924,   0.55574,   0.24195,   0.04154
 171.00000,   1.00000,   1.18000,   0.37250,   0.07002,   0.29097,   0.07023,  29.79662,  10.03469,   0.77194,   0.53147,   0.46269,   0.07472
 172.00000,   1.00000,   1.30000,   0.47643,   0.08321,   0.06383,   0.06383,  25.25039,   7.44543,   0.62733,   0.53126,   0.62648,   0.02584
 173.00000,   1.00000,   1.09000,   0.39251,   0.05778,   0.30909,   0.06182,  35.66071,   7.71157,   0.68925,   0.49585,   0.48120,   0.04296
 174.00000,   1.00000,   1.32000,   0.48566,   0.07717,   0.04286,   0.08571,  18.95187,   7.38714,   0.67673,   0.44477,   0.62456,   0.05158
 175.00000,   1.00000,   1.20000,   0.48818,   0.09202,   0.13514,   0.07432,  24.49398,   6.04230,   0.56036,   0.50324,   0.85234,   0.03826
 176.00000,   1.00000,   1.28000,   0.38367,   0.08334,   0.36119,   0.05075,  30.09831,  11.13019,   0.82374,   0.56336,   0.40367,   0.09554
 177.00000,   1.00000,   1.14000,   0.37601,   0.03727,   0.02555,   0.08394,  29.80896,   9.19187,   0.74231,   0.50446,   0.36288,   0.02481
 178.00000,   1.00000,   1.77000,   0.64386,   0.11433,   0.05063,   0.10127,  20.90731,   7.55716,   0.67118,   0.51015,   0.66617,   0.03150
 179.00000,   1.00000,   1.22000,   0.43331,   0.05359,   0.06130,   0.07280,  32.92392,   7.92737,   0.69053,   0.53990,   0.18391,   0.02090
 180.00000,   1.00000,   0.95000,   0.34821,   0.07301,   0.52703,   0.06757,  19.88338,   7.44340,   0.68287,   0.57649,   0.54745,   0.08962
 181.00000,   1.00000,   1.10000,   0.32437,   0.06469,   0.26178,   0.05497,  33.21705,  11.50012,   0.83120,   0.63973,   0.07403,   0.08723
 182.00000,   1.00000,   1.04000,   0.34313,   0.07017,   0.47076,   0.04971,  37.22913,   9.18636,   0.75190,   0.60076,   0.38547,   0.05852
 183.00000,   1.00000,   1.48000,   0.45732,   0.11046,   0.07258,   0.05376,  35.51933,  10.47317,   0.75919,   0.63631,   0.31975,   0.07810
 184.00000,   1.00000,   1.63000,   0.48920,   0.15839,   0.17379,   0.00000,  31.61590,  11.10201,   0.77506,   0.53252,   0.31168,   0.02420
 185.00000,   1.00000,   1.32000,   0.36176,   0.14934,   0.36685,   0.00272,  27.63980,  13.31413,   0.87027,   0.59182,   0.11236,   0.06887
 186.00000,   1.00000,   0.96000,   0.33049,   0.03655,   0.13971,   0.09191,  32.23603,   8.43776,   0.69141,   0.66068,   0.37893,   0.01117
 187.00000,   1.00000,   1.11000,   0.33914,   0.04991,   0.11821,   0.04153,  29.21825,  10.71248,   0.74172,   0.55481,   0.49014,   0.09893
 188.00000,   1.00000,   1.40000,   0.42782,   0.10138,   0.16529,   0.04545,  22.59842,  10.70871,   0.73716,   0.53260,   0.57146,   0.17344
 189.00000,   1.00000,   1.46000,   0.43436,   0.06728,   0.01749,   0.04956,  30.35971,  11.29787,   0.80441,   0.48696,   0.55653,   0.07130
 190.00000,   1.00000,   1.22000,   0.40815,   0.05352,   0.04886,   0.05537,  34.36066,   8.93464,   0.73631,   0.51091,   0.20130,   0.04959
 191.00000,   1.00000,   1.73000,   0.59021,   0.14895,   0.04392,   0.07432,  34.45142,   8.59181,   0.69134,   0.49830,   0.55128,   0.01287
 192.00000,   1.00000,   1.36000,   0.46177,   0.07158,   0.03030,   0.06439,  30.43542,   8.67410,   0.75889,   0.49597,   0.17881,   0.06904
 193.00000,   1.00000,   1.32000,   0.46131,   0.05303,   0.01840,   0.04908,  19.90776,   8.18776,   0.70800,   0.41856,   0.69031,   0.02567
 194.00000,   1.00000,   1.24000,   0.35374,   0.10620,   0.15816,   0.05102,  31.90233,  12.28750,   0.83575,   0.58354,   0.42421,   0.02082
 195.00000,   1.00000,   1.15000,   0.49475,   0.09610,   0.29703,   0.12871,  18.69392,   5.40282,   0.56708,   0.48109,   0.83468,   0.04674
 196.00000,   1.00000,   1.25000,   0.41811,   0.07846,   0.20115,   0.03448,  19.46788,   8.93780,   0.75811,   0.55152,   0.55657,   0.04841
 197.00000,   1.00000,   1.03000,   0.33947,   0.04443,   0.28481,   0.06013,  34.32544,   9.20600,   0.74969,   0.57077,   0.22162,   0.03655
 198.00000,   1.00000,   1.18000,   0.41604,   0.06022,   0.05357,   0.05714,  34.80624,   8.04453,   0.70796,   0.64454,   0.36848,   0.04428
 199.00000,   1.00000,   0.85000,   0.26878,   0.04718,   0.65366,   0.03902,  20.49739,  10.00127,   0.77768,   0.61121,   0.33061,   0.06442
 200.00000,   2.00000,   1.73000,   0.47894,   0.08404,   0.07882,   0.07389,  15.55867,  13.04739,   0.53045,   0.62133,   0.94468,   0.03781
 201.00000,   2.00000,   1.91000,   0.11465,   0.09228,   0.03827,   0.00000,   3.57774, 277.54947,   3.63619,   0.73016,   0.81397,   0.06601
 202.00000,   2.00000,   2.48000,   0.52931,   0.11797,   0.09884,   0.04360,  15.67043,  21.95217,   0.53693,   0.60631,   0.95634,   0.00425
 203.00000,   2.00000,   1.37000,   0.35939,   0.11832,   0.15789,   0.05263,  18.30497,  14.53158,   0.53761,   0.72032,   0.92981,   0.00784
 204.00000,   2.00000,   2.71000,   0.07589,   0.12509,   0.04548,   0.00094,   1.67285,1275.06934,   8.45624,   0.61329,   0.95376,   0.00317
 205.00000,   2.00000,   2.23000,   0.91196,   0.05173,   0.14953,   0.11215,  17.89488,   5.97937,   0.34859,   0.22456,   0.98880,   0.00194
 206.00000,   2.00000,   2.00000,   0.92896,   0.04845,   0.01351,   0.12162,  31.92986,   4.63516,   0.25238,   0.44118,   0.97706,   0.00745
 207.00000,   2.00000,   2.33000,   0.32505,   0.06964,   0.03175,   0.01587,   8.58276,  51.38210,   0.96736,   0.55801,   0.97380,   0.01096
 208.00000,   2.00000,   2.37000,   0.16064,   0.06976,   0.03378,   0.00000,   3.80878, 217.65511,   2.89222,   0.63091,   0.94880,   0.03767
 209.00000,   2.00000,   3.33000,   0.63687,   0.14813,   0.02340,   0.02340,  23.44603,  27.33938,   0.44245,   0.51986,   0.63265,   0.01657
 210.00000,   2.00000,   2.92000,   0.33140,   0.22391,   0.04253,   0.01944,  10.60049,  77.63789,   1.09075,   0.53908,   0.89602,   0.01775
 211.00000,   2.00000,   1.46000,   0.73786,   0.06698,   0.05797,   0.13768,  35.24731,   3.91519,   0.24720,   0.51461,   0.97225,   0.00651
 212.00000,   2.00000,   1.81000,   0.67853,   0.08398,   0.10096,   0.07692,  29.23085,   7.11577,   0.30885,   0.63661,   0.96428,   0.01040
 213.00000,   2.00000,   3.60000,   0.08287,   0.21748,   0.04399,   0.00000,   1.43332,1887.22937,   9.22680,   0.69355,   0.94942,   0.00744
 214.00000,   2.00000,   1.45000,   0.58484,   0.06446,   0.08000,   0.06000,  32.53644,   6.14695,   0.20865,   0.57335,   0.97832,   0.00291
 215.00000,   2.00000,   3.31000,   0.10802,   0.29548,   0.01532,   0.00000,   1.52949, 938.87531,   6.87476,   0.61013,   0.77770,   0.11616
 216.00000,   2.00000,   1.77000,   0.06807,   0.12943,   0.08660,   0.00000,   1.99793, 676.19897,   6.44197,   0.76654,   0.40831,   0.13969
 217.00000,   2.00000,   2.76000,   0.27155,   0.21395,   0.08466,   0.00000,   3.65919, 103.30141,   1.75874,   0.63679,   0.81274,   0.10389
 218.00000,   2.00000,   1.40000,   0.38749,   0.06726,   0.12400,   0.04800,  19.15126,  13.05397,   0.31364,   0.54970,   0.97907,   0.00298
 219.00000,   2.00000,   1.38000,   0.68966,   0.05827,   0.05128,   0.14744,  38.96156,   4.00395,   0.32837,   0.54126,   0.95504,   0.02627
 220.00000,   2.00000,   2.74000,   0.08727,   0.14708,   0.01466,   0.00000,   1.79874, 985.69141,   7.81651,   0.76539,   0.98710,   0.00576
 221.00000,   2.00000,   1.42000,   0.27315,   0.10195,   0.11886,   0.00000,  14.31955,  27.02599,   0.80889,   0.74259,   0.93040,   0.03353
 222.00000,   2.00000,   1.51000,   0.46609,   0.14821,   0.16364,   0.05455,  26.20051,  10.49598,   0.38829,   0.68177,   0.90332,   0.01017
 223.00000,   2.00000,   1.32000,   0.30536,   0.12510,   0.26531,   0.00000,   7.86681,  18.68611,   0.68705,   0.60622,   0.99084,   0.00550
 224.00000,   2.00000,   3.33000,   0.13084,   0.23013,   0.03153,   0.00000,   2.25229, 647.78528,   5.70838,   0.63789,   0.97393,   0.00724
 225.00000,   2.00000,   1.49000,   0.30746,   0.12744,   0.14062,   0.03516,  10.90046,  23.48526,   0.58532,   0.63350,   0.98587,   0.01204
 226.00000,   2.00000,   2.56000,   0.09338,   0.17887,   0.02571,   0.00064,   2.07011, 751.64935,   6.57045,   0.61140,   0.89429,   0.01519
 227.00000,   2.00000,   1.85000,   0.19573,   0.15578,   0.12150,   0.02570,   4.79110,  89.33231,   1.72072,   0.56737,   0.96065,   0.02952
 228.00000,   2.00000,   2.50000,   0.45348,   0.07436,   0.04040,   0.02357,   9.77218,  30.39240,   0.96343,   0.51441,   0.96495,   0.01138
 229.00000,   2.00000,   2.30000,   0.19501,   0.13412,   0.05076,   0.00000,   2.83232, 139.10838,   2.60564,   0.58398,   0.67165,   0.10501
 230.00000,   2.00000,   2.08000,   0.49849,   0.14270,   0.04843,   0.02906,  23.72101,  17.41073,   0.33879,   0.50002,   0.91475,   0.01276
 231.00000,   2.00000,   1.42000,   0.55763,   0.10639,   0.09244,   0.00000,  18.35108,   6.48463,   0.57840,   0.70984,   0.75491,   0.07902
 232.00000,   2.00000,   1.97000,   0.16757,   0.18665,   0.07132,   0.00000,   4.86957, 138.20512,   2.21590,   0.72483,   0.95162,   0.00884
 233.00000,   2.00000,   2.48000,   0.20583,   0.11155,   0.08266,   0.00000,   3.41670, 145.16951,   2.63496,   0.64873,   0.92583,   0.00720
 234.00000,   2.00000,   2.64000,   0.09510,   0.18821,   0.09220,   0.00304,   2.56151, 770.63812,   6.65814,   0.71502,   0.77719,   0.12276
 235.00000,   2.00000,   2.90000,   0.27560,   0.14236,   0.04098,   0.00000,   4.40730, 110.72543,   2.04827,   0.51318,   0.91292,   0.03807
 236.00000,   2.00000,   2.46000,   0.63845,   0.09216,   0.04025,   0.03715,  21.75631,  14.84627,   0.43972,   0.52820,   0.96524,   0.00974
 237.00000,   2.00000,   1.85000,   0.51484,   0.12865,   0.13514,   0.01802,   8.59669,  12.91195,   0.82212,   0.66264,   0.73784,   0.04635
 238.00000,   2.00000,   1.47000,   0.75022,   0.07672,   0.05426,   0.10078,  33.59986,   3.83930,   0.27266,   0.49046,   0.96530,   0.00787
 239.00000,   2.00000,   1.46000,   0.26477,   0.11868,   0.09747,   0.00000,   9.10983,  30.40672,   1.03502,   0.84493,   0.96053,   0.00858
 240.00000,   2.00000,   2.15000,   0.29229,   0.08319,   0.02941,   0.02022,  10.05449,  54.10516,   0.92328,   0.55469,   0.93319,   0.01114
 241.00000,   2.00000,   2.21000,   0.41610,   0.10869,   0.05485,   0.03797,   8.40174,  28.20844,   0.97845,   0.60675,   0.96651,   0.02326
 242.00000,   2.00000,   1.78000,   0.55535,   0.19916,   0.17568,   0.03378,  14.40631,  10.27328,   0.45431,   0.66944,   0.97061,   0.00841
 243.00000,   2.00000,   1.44000,   0.75361,   0.10411,   0.11607,   0.12500,  30.67522,   3.65116,   0.29595,   0.56654,   0.95593,   0.00975
 244.00000,   2.00000,   2.48000,   0.46811,   0.23663,   0.09741,   0.02131,  23.40767,  28.06772,   0.43663,   0.68218,   0.97937,   0.00805
 245.00000,   2.00000,   2.79000,   0.14195,   0.15843,   0.03041,   0.00000,   3.06478, 386.32404,   4.83828,   0.61995,   0.92766,   0.02101
 246.00000,   2.00000,   2.95000,   0.15770,   0.24622,   0.07080,   0.00000,   3.87494, 349.94092,   4.32290,   0.62771,   0.62236,   0.09836
 247.00000,   2.00000,   3.33000,   0.06232,   0.34230,   0.02399,   0.00000,   1.62046,2854.74097,   8.14147,   0.64990,   0.96420,   0.00950
 248.00000,   2.00000,   3.48000,   0.08878,   0.34419,   0.01308,   0.00000,   1.14479,1536.53052,   9.04036,   0.55193,   0.81527,   0.13367
 249.00000,   2.00000,   2.16000,   0.29997,   0.19661,   0.16203,   0.01473,  11.78401,  51.84994,   1.12996,   0.60240,   0.68248,   0.03146
 250.00000,   2.00000,   0.87000,   0.09816,   0.01520,   0.70886,   0.00000,   3.01674,  78.56157,   1.88688,   0.56327,   0.89751,   0.00104
 251.00000,   2.00000,   2.81000,   0.11163,   0.08212,   0.03451,   0.00000,   1.73752, 633.66119,   6.13176,   0.65962,   0.82778,   0.06065
 252.00000,   2.00000,   3.13000,   0.08988,   0.18199,   0.02857,   0.00000,   1.55857,1212.65186,   8.19419,   0.61485,   0.90969,   0.00766
 253.00000,   2.00000,   2.51000,   0.69461,   0.18442,   0.21752,   0.05136,  25.34944,  13.05749,   0.42232,   0.59060,   0.55005,   0.05277
 254.00000,   2.00000,   1.78000,   0.65525,   0.07298,   0.07692,   0.10440,  24.66279,   7.37954,   0.35637,   0.42351,   0.98054,   0.01162
 255.00000,   2.00000,   1.21000,   0.36987,   0.05140,   0.16432,   0.07981,  19.90243,  10.70221,   0.43217,   0.53005,   0.97832,   0.01345
 256.00000,   2.00000,   1.69000,   0.14001,   0.17512,   0.11339,   0.00000,   4.35823, 145.70134,   2.24859,   0.65644,   0.93881,   0.00595
 257.00000,   2.00000,   2.66000,   0.11764,   0.17557,   0.03664,   0.00000,   2.18853, 511.30219,   4.81660,   0.57706,   0.76324,   0.07000
 258.00000,   2.00000,   2.08000,   0.53939,   0.38035,   0.12231,   0.01157,  40.68566,  14.87010,   0.31587,   0.78461,   0.63510,   0.01385
 259.00000,   2.00000,   1.85000,   0.57169,   0.09982,   0.77860,   0.04797,  25.87904,  10.47180,   0.27691,   0.58793,   0.90433,   0.01487
 260.00000,   2.00000,   1.54000,   0.20562,   0.13837,   0.13736,   0.02564,   9.73353,  56.09475,   1.22136,   0.89506,   0.81605,   0.01717
 261.00000,   2.00000,   2.61000,   0.09354,   0.15679,   0.05491,   0.00000,   2.22231, 778.46948,   6.14470,   0.62269,   0.20215,   0.23496
 262.00000,   2.00000,   2.55000,   0.46794,   0.19178,   0.09231,   0.06154,   8.75519,  29.69667,   0.86973,   0.56549,   0.82305,   0.09226
 263.00000,   2.00000,   1.72000,   0.52735,   0.07978,   0.05978,   0.07609,  17.29631,  10.63810,   0.55334,   0.55654,   0.94574,   0.01480
 264.00000,   2.00000,   2.25000,   0.47441,   0.12822,   0.07162,   0.03714,  16.76068,  22.49313,   0.54471,   0.66237,   0.91878,   0.00770
 265.00000,   2.00000,   1.81000,   0.09955,   0.06476,   0.04561,   0.00000,   3.58145, 330.59219,   3.08024,   0.75518,   0.98415,   0.00185
 266.00000,   2.00000,   2.32000,   0.09281,   0.13013,   0.04432,   0.00000,   2.88885, 624.81567,   5.57691,   0.73852,   0.97639,   0.00730
 267.00000,   2.00000,   2.77000,   0.28816,   0.08124,   0.02653,   0.00000,   5.30271,  92.40558,   1.91239,   0.52467,   0.81891,   0.03170
 268.00000,   2.00000,   1.47000,   0.62863,   0.07694,   0.07955,   0.09091,  32.18614,   5.46819,   0.31535,   0.61055,   0.96084,   0.01130
 269.00000,   2.00000,   2.49000,   0.80207,   0.15714,   0.07463,   0.06468,  20.85575,   9.63763,   0.60051,   0.56327,   0.76785,   0.16904
 270.00000,   2.00000,   2.09000,   0.30838,   0.07418,   0.05634,   0.01972,   7.72882,  45.93197,   1.05847,   0.63779,   0.97022,   0.00735
 271.00000,   2.00000,   1.54000,   0.37789,   0.11422,   0.08000,   0.04000,  22.58011,  16.60753,   0.56122,   0.56268,   0.84790,   0.01892
 272.00000,   2.00000,   1.42000,   0.36030,   0.06159,   0.04265,   0.00000,  13.58410,  15.53287,   0.92643,   0.74345,   0.46275,   0.03071
 273.00000,   2.00000,   2.51000,   0.24881,   0.11558,   0.05300,   0.00000,   5.56158, 101.76958,   1.92701,   0.61491,   0.98978,   0.00240
 274.00000,   2.00000,   1.50000,   0.50183,   0.09368,   0.08523,   0.07955,  19.69888,   8.93452,   0.27705,   0.60463,   0.99231,   0.00165
 275.00000,   2.00000,   2.90000,   0.24246,   0.22142,   0.07597,   0.00000,   5.06092, 143.05705,   2.51149,   0.67348,   0.89770,   0.01624
 276.00000,   2.00000,   1.40000,   0.29623,   0.05596,   0.03077,   0.05769,  11.64065,  22.33552,   0.70559,   0.50978,   0.91623,   0.03805
 277.00000,   2.00000,   2.64000,   0.59252,   0.17869,   0.07671,   0.03014,  18.38606,  19.85199,   0.59623,   0.67293,   0.95315,   0.01367
 278.00000,   2.00000,   3.08000,   0.32999,   0.21438,   0.14516,   0.01210,   5.69344,  87.11785,   1.43495,   0.52037,   0.97833,   0.00329
 279.00000,   2.00000,   2.15000,   0.20846,   0.09497,   0.08710,   0.00000,   2.91422, 106.37486,   2.33816,   0.63708,   0.97678,   0.00478
 280.00000,   2.00000,   1.21000,   0.20769,   0.07368,   0.32117,   0.00000,   8.07293,  33.94061,   1.27855,   0.60048,   0.68611,   0.04478
 281.00000,   2.00000,   3.24000,   0.60393,   0.35441,   0.13271,   0.01121,  18.58847,  28.78128,   0.49261,   0.51038,   0.92579,   0.00582
 282.00000,   2.00000,   1.57000,   0.25597,   0.07851,   0.11197,   0.00000,   6.88486,  37.61879,   1.09252,   0.75559,   0.83327,   0.03067
 283.00000,   2.00000,   1.65000,   0.51742,   0.05852,   0.03419,   0.05983,  23.01124,  10.16894,   0.35955,   0.55919,   0.96805,   0.01165
 284.00000,   2.00000,   2.58000,   0.14717,   0.24064,   0.03084,   0.00000,   2.95468, 307.30862,   3.94123,   0.73045,   0.75609,   0.01108
 285.00000,   2.00000,   2.83000,   0.14102,   0.17691,   0.10879,   0.00000,   1.66608, 402.74103,   4.71836,   0.63131,   0.55543,   0.03324
 286.00000,   2.00000,   4.18000,   0.13752,   0.22736,   0.02105,   0.00000,   1.95365, 923.91357,   7.04736,   0.56330,   0.25676,   0.22183
 287.00000,   2.00000,   2.11000,   0.58912,   0.13145,   0.11333,   0.02000,  11.69334,  12.82781,   0.60790,   0.54485,   0.73644,   0.10432
 288.00000,   2.00000,   3.81000,   0.11667,   0.30957,   0.00646,   0.00000,   2.17729,1066.46216,   6.49829,   0.48798,   0.94474,   0.00890
 289.00000,   2.00000,   2.86000,   0.06655,   0.13058,   0.02366,   0.00000,   1.76164,1847.14307,   9.81968,   0.72416,   0.88544,   0.01021
 290.00000,   2.00000,   1.59000,   0.27120,   0.06972,   0.13580,   0.01235,  16.49548,  34.37305,   0.52592,   0.54275,   0.82560,   0.11279
 291.00000,   2.00000,   1.94000,   0.39677,   0.36999,   0.28261,   0.00217,  38.48285,  23.90675,   0.35433,   0.71806,   0.67751,   0.01689
 292.00000,   2.00000,   1.45000,   0.72119,   0.13094,   0.33333,   0.08642,  40.07532,   4.04239,   0.25615,   0.59632,   0.89203,   0.00949
 293.00000,   2.00000,   1.49000,   0.26329,   0.09226,   0.05714,   0.00816,   7.65022,  32.02524,   1.05703,   0.76710,   0.98132,   0.00301
 294.00000,   2.00000,   1.81000,   0.20066,   0.12124,   0.10158,   0.00000,   5.44443,  81.36749,   2.09242,   0.66890,   0.04341,   0.08187
 295.00000,   2.00000,   2.62000,   0.22879,   0.22475,   0.10724,   0.01114,   5.47524, 131.13577,   1.06195,   0.52741,   0.99013,   0.00074
 296.00000,   2.00000,   2.56000,   0.42040,   0.14684,   0.02763,   0.02245,  15.61453,  37.08084,   0.58291,   0.55029,   0.87152,   0.01461
 297.00000,   2.00000,   2.48000,   0.62030,   0.15545,   0.10383,   0.01093,  22.89748,  15.98429,   0.40019,   0.50125,   0.91169,   0.00686
 298.00000,   2.00000,   1.42000,   0.26226,   0.09742,   0.10606,   0.01515,  11.25603,  29.31763,   0.96969,   0.63559,   0.78202,   0.02660
 299.00000,   2.00000,   1.59000,   0.31835,   0.05702,   0.02941,   0.04118,   6.81504,  24.94483,   0.91762,   0.53337,   0.86757,   0.00688
 300.00000,   3.00000,  10.82000,   2.33354,   7.05777,   0.01205,   0.00000,   7.72117,  21.49934,   0.96482,   0.38459,   0.90779,   0.01361
 301.00000,   3.00000,  12.57000,   5.24353,  12.05130,   0.03261,   0.10326,  32.01806,   5.74676,   0.60902,   0.39727,   0.43572,   0.36495
 302.00000,   3.00000,  11.12000,   4.01742,   5.86452,   0.00885,   0.00000,  14.74902,   7.66153,   0.68188,   0.39672,   0.51758,   0.10266
 303.00000,   3.00000,  10.50000,   2.92476,  11.37823,   0.00581,   0.00000,  13.34536,  12.88838,   0.79773,   0.52383,   0.73429,   0.15040
 304.00000,   3.00000,   4.44000,   1.26034,   1.82350,   0.06173,   0.03086,  13.05349,  12.41048,   0.83237,   0.51562,   0.70596,   0.06284
 305.00000,   3.00000,   7.06000,   3.07187,   7.05541,   0.07767,   0.00000,  19.49997,   5.28206,   0.55651,   0.46474,   0.82741,   0.01360
 306.00000,   3.00000,  10.46000,   1.87714,   6.44574,   0.01279,   0.00256,  12.59235,  31.05059,   1.35735,   0.41477,   0.69218,   0.15317
 307.00000,   3.00000,   6.94000,   1.30495,   6.10715,   0.13178,   0.03876,   4.56097,  28.28344,   0.85361,   0.36514,   0.76050,   0.03657
 308.00000,   3.00000,   4.52000,   1.28572,   1.29357,   0.06466,   0.02586,  18.77162,  12.35908,   0.55680,   0.50077,   0.96865,   0.01322
 309.00000,   3.00000,   6.75000,   2.40438,   4.32622,   0.03670,   0.00612,  41.49044,   7.88133,   0.59940,   0.62189,   0.65688,   0.26191
 310.00000,   3.00000,   8.55000,   2.29341,   2.36044,   0.00493,   0.04433,  29.21169,  13.89855,   0.59434,   0.49388,   0.42078,   0.05465
 311.00000,   3.00000,   8.60000,   4.02736,   4.36986,   0.02400,   0.07200,  27.41281,   4.55991,   0.33306,   0.43379,   0.75389,   0.00710
 312.00000,   3.00000,  11.23000,   3.71710,  15.11881,   0.03968,   0.00000,  13.80447,   9.12748,   0.68274,   0.49102,   0.86797,   0.04348
 313.00000,   3.00000,   5.94000,   1.34281,   1.55471,   0.00593,   0.00000,  17.22222,  19.56774,   0.77630,   0.43468,   0.95602,   0.01051
 314.00000,   3.00000,  10.92000,   9.52228,   6.95480,   0.00943,   0.02830,  80.60133,   1.31511,   0.29994,   0.50779,   0.98297,   0.01450
 315.00000,   3.00000,   9.80000,  10.37885,   9.82933,   0.08929,   0.03571, 125.62148,   0.89157,   0.24912,   0.64099,   0.98930,   0.00741
 316.00000,   3.00000,  12.56000,   2.77780,  10.95463,   0.00980,   0.00000,  14.96736,  20.44448,   0.82950,   0.54938,   0.73739,   0.01481
 317.00000,   3.00000,  10.29000,   2.38197,   2.28107,   0.02242,   0.08969,  11.94945,  18.66195,   0.82147,   0.38387,   0.60421,   0.03440
 318.00000,   3.00000,  11.23000,   5.48318,   9.38018,   0.01818,   0.03636,  39.33600,   4.19463,   0.28807,   0.48192,   0.65794,   0.00789
 319.00000,   3.00000,   8.86000,   1.09636,   5.09381,   0.03315,   0.00000,   2.77150,  65.30755,   0.83698,   0.37800,   0.55827,   0.05411
 320.00000,   3.00000,  11.96000,   7.80417,  10.47480,   0.01342,   0.03356,  63.44200,   2.34860,   0.39597,   0.51530,   0.93618,   0.01501
 321.00000,   3.00000,   8.70000,   2.43890,   2.70430,   0.01119,   0.04104,  21.06118,  12.72483,   0.55190,   0.38429,   0.54691,   0.00893
 322.00000,   3.00000,  10.18000,   3.07196,   9.18108,   0.01053,   0.07895,  17.30173,  10.98156,   0.85600,   0.52521,   0.33768,   0.43345
 323.00000,   3.00000,   9.32000,   3.24408,   6.42448,   0.01980,   0.00000,  12.23693,   8.25370,   0.69152,   0.34299,   0.86073,   0.04495
 324.00000,   3.00000,  13.32000,   7.62457,  12.00160,   0.01546,   0.01546,  63.56595,   3.05195,   0.39174,   0.47219,   0.48457,   0.06025
 325.00000,   3.00000,  11.11000,   3.14459,   7.61130,   0.02222,   0.07407,  10.81520,  12.48243,   0.68244,   0.41262,   0.94647,   0.02653
 326.00000,   3.00000,   8.14000,   2.03645,   5.68585,   0.03077,   0.03077,   8.13658,  15.97723,   0.88933,   0.47784,   0.87078,   0.10888
 327.00000,   3.00000,  12.74000,   2.61921,  12.21140,   0.01712,   0.00000,  12.34195,  23.65915,   1.01670,   0.42016,   0.41601,   0.04639
 328.00000,   3.00000,  11.16000,   4.86975,   7.01850,   0.04098,   0.01639,  23.22979,   5.25188,   0.53946,   0.40572,   0.65575,   0.04095
 329.00000,   3.00000,  12.50000,   5.93791,  12.86777,   0.01579,   0.01053,  42.87467,   4.43152,   0.51177,   0.53019,   0.81040,   0.01608
 330.00000,   3.00000,  13.00000,   2.52655,  10.88712,   0.00465,   0.00000,  16.24199,  26.47460,   0.96415,   0.51747,   0.45095,   0.04261
 331.00000,   3.00000,  10.69000,   9.59544,   9.17488,   0.04274,   0.08547,  94.26721,   1.24115,   0.29268,   0.47770,   0.98063,   0.01299
 332.00000,   3.00000,  11.62000,   3.96669,  11.23272,   0.01382,   0.00000,  25.28737,   8.58136,   0.55170,   0.49054,   0.68225,   0.01235
 333.00000,   3.00000,  10.89000,   1.78421,   7.96116,   0.03390,   0.00000,   4.75127,  37.25322,   1.15116,   0.44366,   0.95434,   0.03491
 334.00000,   3.00000,  11.25000,   4.77151,  10.72652,   0.02239,   0.06716,  24.10528,   5.55895,   0.51723,   0.46663,   0.83757,   0.02682
 335.00000,   3.00000,   8.71000,   1.65374,   2.60078,   0.00984,   0.03607,  10.99509,  27.73966,   1.04137,   0.43896,   0.68057,   0.05510
 336.00000,   3.00000,  12.38000,  10.70728,  15.54676,   0.05263,   0.06140,  85.27511,   1.33685,   0.23435,   0.62749,   0.98697,   0.00388
 337.00000,   3.00000,  11.82000,   8.08250,  12.35159,   0.00813,   0.07317,  57.51247,   2.13867,   0.36619,   0.51781,   0.94440,   0.01707
 338.00000,   3.00000,  12.57000,   3.66626,  13.88650,   0.01709,   0.03419,   9.95320,  11.75501,   0.81995,   0.40223,   0.92644,   0.03706
 339.00000,   3.00000,   9.95000,   1.60329,   6.77562,   0.02500,   0.01250,   4.15429,  38.51441,   0.86510,   0.42731,   0.60899,   0.07888
 340.00000,   3.00000,   8.34000,   5.98938,   7.23692,   0.04237,   0.04237,  60.85744,   1.93896,   0.35884,   0.55311,   0.89647,   0.03721
 341.00000,   3.00000,  12.65000,   7.84314,  12.24830,   0.01031,   0.02062,  74.57624,   2.60136,   0.38590,   0.46751,   0.78109,   0.03948
 342.00000,   3.00000,  11.93000,   4.50456,  12.36348,   0.07692,   0.03846,  18.53392,   7.01416,   0.69309,   0.43483,   0.90856,   0.04907
 343.00000,   3.00000,   8.98000,   4.03297,   5.19740,   0.02286,   0.08571,  35.29674,   4.95796,   0.42237,   0.45289,   0.64479,   0.01419
 344.00000,   3.00000,  10.76000,   5.68867,   6.81562,   0.00676,   0.00676,  41.36742,   3.57770,   0.36923,   0.40969,   0.71908,   0.02710
 345.00000,   3.00000,  12.53000,   2.36576,  10.06639,   0.00758,   0.00758,  14.11674,  28.05180,   1.10203,   0.45713,   0.26034,   0.07403
 346.00000,   3.00000,  12.43000,   4.11303,  12.81826,   0.01212,   0.00000,  18.06616,   9.13310,   0.55132,   0.45517,   0.40530,   0.19131
 347.00000,   3.00000,   8.76000,   2.35372,   2.81107,   0.01250,   0.03125,  23.10215,  13.85153,   0.55254,   0.45954,   0.57842,   0.01323
 348.00000,   3.00000,  10.72000,   9.60814,   9.80808,   0.01667,   0.04167,  96.39858,   1.24483,   0.19961,   0.62025,   0.95040,   0.00329
 349.00000,   3.00000,   3.23000,   2.15293,   1.23567,   0.14729,   0.02326,  57.31208,   2.25083,   0.33636,   0.77385,   0.39594,   0.05191
 350.00000,   3.00000,   7.85000,   3.70312,   3.01733,   0.01613,   0.09677,  27.59420,   4.49370,   0.32988,   0.41821,   0.70238,   0.00717
 351.00000,   3.00000,  10.59000,   2.72603,   4.03136,   0.01015,   0.02284,  26.10749,  15.09145,   0.55250,   0.46393,   0.70661,   0.00540
 352.00000,   3.00000,  12.60000,   2.83262,   9.92753,   0.00836,   0.01114,  18.14390,  19.78627,   0.80751,   0.44185,   0.71273,   0.01684
 353.00000,   3.00000,  12.48000,   7.31546,   8.63827,   0.01293,   0.02155,  79.71530,   2.91036,   0.41377,   0.47112,   0.59518,   0.06067
 354.00000,   3.00000,   4.60000,   1.28002,   1.46127,   0.02759,   0.00000,  22.45508,  12.91467,   0.59085,   0.47074,   0.98873,   0.00093
 355.00000,   3.00000,  12.81000,   3.13393,  10.52275,   0.00293,   0.01760,  20.40956,  16.70786,   0.68777,   0.43706,   0.59615,   0.03147
 356.00000,   3.00000,  10.37000,   2.34796,   9.56955,   0.06081,   0.03378,   7.58724,  19.50643,   0.98882,   0.46126,   0.89395,   0.08080
 357.00000,   3.00000,  10.81000,  11.03233,  10.87755,   0.06838,   0.02564, 121.86211,   0.96010,   0.26453,   0.54860,   0.98670,   0.01050
 358.00000,   3.00000,  12.91000,   6.33604,  10.75480,   0.00866,   0.03030,  55.64106,   4.15161,   0.52760,   0.45086,   0.30821,   0.05975
 359.00000,   3.00000,  10.43000,   2.53711,   6.77088,   0.00926,   0.03395,  19.17148,  16.90011,   1.01337,   0.50109,   0.57309,   0.23889
 360.00000,   3.00000,  10.88000,   2.21564,   8.89512,   0.01896,   0.01896,   8.75030,  24.11346,   0.98259,   0.39066,   0.90782,   0.06756
 361.00000,   3.00000,   6.59000,   1.44319,   2.28063,   0.00912,   0.01520,  31.55747,  20.85085,   1.05329,   0.49327,   0.28409,   0.40619
 362.00000,   3.00000,  12.43000,   2.14396,   6.64335,   0.00386,   0.00965,  15.41071,  33.61299,   0.88821,   0.41880,   0.42156,   0.07417
 363.00000,   3.00000,  11.71000,   5.09749,  15.83916,   0.20339,   0.01695,  22.36044,   5.27718,   0.52850,   0.53665,   0.97875,   0.00808
 364.00000,   3.00000,   8.48000,   2.00679,   1.50492,   0.00226,   0.05643,  24.80934,  17.85618,   0.61038,   0.48054,   0.65484,   0.01335
 365.00000,   3.00000,  12.78000,   6.87062,  17.31656,   0.11688,   0.01299,  44.50925,   3.45995,   0.47349,   0.53021,   0.92595,   0.02497
 366.00000,   3.00000,   8.34000,   3.66373,   3.85958,   0.02419,   0.05645,  23.92965,   5.18186,   0.37829,   0.42209,   0.75458,   0.00749
 367.00000,   3.00000,   4.43000,   2.35678,   1.91055,   0.07426,   0.00990,  57.17181,   3.53321,   0.41048,   0.71233,   0.77464,   0.14448
 368.00000,   3.00000,  12.40000,   2.62521,  10.59984,   0.00733,   0.00733,  12.23627,  22.31072,   0.97900,   0.49022,   0.84670,   0.11703
 369.00000,   3.00000,  10.73000,   7.99369,   9.41601,   0.03731,   0.06716,  74.37028,   1.80180,   0.33179,   0.50529,   0.80934,   0.04590
 370.00000,   3.00000,  12.55000,   3.66586,  12.21546,   0.01860,   0.00930,  18.34435,  11.72023,   0.88468,   0.37043,   0.67308,   0.18661
 371.00000,   3.00000,  15.05000,   2.66041,  12.68287,   0.00969,   0.00969,  12.90551,  32.00183,   0.90015,   0.42384,   0.49722,   0.35575
 372.00000,   3.00000,  16.01000,   5.37473,  23.55500,   0.02041,   0.02041,  16.56718,   8.87296,   0.70843,   0.38564,   0.74475,   0.14723
 373.00000,   3.00000,  15.68000,   6.39032,  22.81999,   0.02381,   0.00000,  27.90370,   6.02071,   0.61453,   0.42276,   0.04947,   0.84094
 374.00000,   3.00000,   5.28000,   2.08293,   3.11380,   0.09353,   0.00719,  21.63195,   6.42568,   0.44423,   0.39285,   0.87048,   0.02649
 375.00000,   3.00000,  12.57000,   3.52918,  11.63164,   0.02674,   0.04278,  14.74069,  12.68597,   0.92628,   0.41902,   0.44358,   0.26414
 376.00000,   3.00000,  13.87000,   3.07053,  20.04422,   0.03727,   0.00000,   7.89043,  20.40446,   0.86167,   0.46181,   0.59974,   0.04186
 377.00000,   3.00000,  20.25000,   7.95265,  40.46701,   0.02186,   0.00546,  28.22443,   6.48375,   0.62757,   0.41455,   0.44431,   0.44698
 378.00000,   3.00000,  11.48000,   4.50004,  11.25298,   0.04405,   0.02203,  34.87982,   6.50806,   0.65348,   0.42081,   0.65844,   0.23276
 379.00000,   3.00000,   2.15000,   0.76218,   0.59069,   0.62500,   0.00000,  13.06996,   7.95718,   0.66445,   0.45998,   0.60415,   0.20287
 380.00000,   3.00000,  12.87000,   4.80783,  13.29366,   0.01031,   0.01546,  27.07340,   7.16571,   0.68468,   0.39519,   0.68974,   0.21407
 381.00000,   3.00000,  13.25000,   4.62489,  15.76016,   0.02312,   0.02312,  21.07745,   8.20783,   0.70580,   0.40724,   0.46241,   0.47428
 382.00000,   3.00000,  10.85000,   2.12303,  10.45065,   0.03448,   0.04138,   5.55162,  26.11848,   0.96192,   0.45780,   0.80832,   0.10663
 383.00000,   3.00000,  15.03000,   5.75475,  19.42032,   0.02778,   0.01852,  31.66572,   6.82126,   0.66314,   0.40830,   0.38943,   0.24675
 384.00000,   3.00000,  17.61000,   5.34120,  23.57852,   0.01190,   0.01190,  23.18245,  10.87029,   0.84979,   0.37961,   0.58504,   0.24079
 385.00000,   3.00000,  13.75000,   3.97724,  12.39644,   0.01762,   0.00441,  18.99259,  11.95203,   0.87692,   0.37467,   0.43526,   0.41525
 386.00000,   3.00000,  12.88000,   4.85542,  12.86943,   0.00526,   0.01579,  27.00068,   7.03686,   0.67942,   0.38212,   0.46472,   0.22136
 387.00000,   3.00000,  20.68000,   5.95776,  41.12260,   0.03302,   0.00000,  17.59544,  12.04858,   0.84920,   0.46148,   0.48733,   0.43634
 388.00000,   3.00000,  12.17000,   3.87671,  12.93132,   0.03681,   0.01227,  16.53987,   9.85497,   0.74740,   0.40361,   0.41361,   0.47246
 389.00000,   3.00000,  12.69000,   3.74991,  12.46421,   0.02212,   0.00000,  19.73451,  11.45202,   0.86894,   0.38686,   0.72714,   0.24339
 390.00000,   3.00000,  13.04000,   4.28131,  11.54019,   0.01402,   0.00467,  23.06814,   9.27687,   0.80553,   0.43292,   0.70608,   0.19316
 391.00000,   3.00000,  11.52000,   1.67572,   7.79141,   0.02646,   0.00000,   3.99908,  47.26087,   1.59008,   0.38942,   0.49527,   0.19618
 392.00000,   3.00000,  15.17000,   7.00512,  16.35632,   0.01149,   0.01724,  37.10302,   4.68965,   0.54049,   0.38353,   0.51692,   0.18862
 393.00000,   3.00000,   4.96000,   1.69038,   0.74897,   0.01786,   0.11905,  19.51258,   8.60983,   0.72464,   0.37387,   0.29687,   0.30835
 394.00000,   3.00000,  11.05000,   3.59686,   8.84307,   0.03333,   0.00667,  15.89327,   9.43796,   0.71643,   0.47045,   0.45533,   0.24460
 395.00000,   3.00000,  13.63000,   5.00411,  17.98629,   0.01325,   0.00662,  20.35347,   7.41888,   0.66314,   0.45952,   0.85893,   0.06659
 396.00000,   3.00000,   3.44000,   2.39166,   1.46945,   0.13636,   0.04545,  53.17102,   2.06880,   0.34302,   0.70745,   0.57829,   0.04252
 397.00000,   3.00000,   8.32000,   2.51441,   6.40250,   0.05405,   0.04505,  10.13792,  10.94899,   0.73219,   0.36549,   0.59104,   0.08112
 398.00000,   3.00000,  15.07000,   2.87913,  16.12975,   0.01852,   0.00000,  11.82613,  27.39697,   1.12680,   0.37886,   0.43964,   0.46681
 399.00000,   3.00000,  10.44000,   2.35642,  10.68446,   0.01810,   0.03167,  11.25890,  19.62891,   1.02457,   0.50503,   0.89576,   0.02210
 400.00000,   4.00000,   8.18000,   3.72243,   5.12739,   0.00696,   0.00232,  89.25343,   4.82895,   0.60393,   0.76295,   0.56587,   0.29735
 401.00000,   4.00000,   7.12000,   0.98563,   1.53517,   0.00290,   0.00124,  46.20271,  52.18308,   1.95940,   0.48287,   0.46244,   0.47877
 402.00000,   4.00000,   4.28000,   1.94495,   0.70443,   0.00749,   0.03371,  55.13665,   4.84251,   0.59612,   0.46319,   0.24105,   0.55219
 403.00000,   4.00000,   5.41000,   1.45967,   1.54157,   0.00455,   0.01593,  63.98899,  13.73674,   1.00375,   0.61420,   0.32208,   0.22929
 404.00000,   4.00000,  11.18000,   1.19632,   2.75432,   0.00201,   0.00146,  62.70105,  87.33505,   2.49266,   0.50558,   0.58313,   0.35734
 405.00000,   4.00000,   4.21000,   1.39771,   0.91363,   0.08458,   0.00746,  44.30948,   9.07255,   0.79639,   0.54738,   0.24478,   0.34292
 406.00000,   4.00000,   5.94000,   1.35756,   0.77165,   0.00929,   0.00676,  61.84372,  19.14503,   1.18474,   0.51772,   0.33926,   0.37495
 407.00000,   4.00000,  17.83000,   1.67102,  21.65720,   0.04659,   0.00000,  58.62880, 113.85190,   2.73520,   0.55175,   0.68012,   0.21970
 408.00000,   4.00000,  10.13000,   1.60586,   6.38064,   0.00636,   0.00000,  59.25715,  39.79266,   1.73993,   0.55327,   0.34845,   0.21082
 409.00000,   4.00000,   8.35000,   1.43145,   2.85745,   0.00355,   0.00284,  82.78785,  34.02673,   1.61180,   0.53540,   0.58828,   0.38955
 410.00000,   4.00000,   5.55000,   0.68690,   0.73952,   0.00346,   0.00485,  44.25308,  65.28359,   2.15661,   0.57359,   0.35846,   0.35130
 411.00000,   4.00000,  11.99000,   1.12282,   4.83241,   0.00104,   0.00013,  67.56174, 114.02902,   2.96941,   0.53515,   0.45634,   0.30325
 412.00000,   4.00000,   4.61000,   1.60474,   1.20619,   0.08380,   0.03911,  43.38035,   8.25258,   0.76448,   0.50203,   0.42065,   0.49128
 413.00000,   4.00000,  12.21000,   1.99026,   6.65542,   0.02269,   0.00537,  44.50428,  37.63683,   1.66718,   0.51790,   0.35404,   0.48341
 414.00000,   4.00000,   4.68000,   0.97239,   0.75990,   0.05445,   0.01469,  49.94894,  23.16366,   1.33008,   0.52678,   0.41065,   0.41852
 415.00000,   4.00000,   6.18000,   1.48742,   1.67866,   0.00175,   0.00699,  66.26982,  17.26276,   1.14103,   0.56915,   0.48352,   0.17382
 416.00000,   4.00000,  15.84000,   1.76151,   8.69089,   0.00758,   0.00051,  73.43452,  80.86115,   2.46944,   0.57340,   0.60042,   0.27533
 417.00000,   4.00000,  12.08000,   1.74294,   4.79764,   0.00141,   0.00329,  44.25842,  48.03606,   1.86879,   0.51072,   0.20446,   0.66807
 418.00000,   4.00000,   5.64000,   3.18576,   2.85228,   0.10853,   0.03101,  41.15840,   3.13423,   0.41602,   0.53121,   0.91678,   0.07773
 419.00000,   4.00000,  12.15000,   1.76013,   2.88550,   0.00353,   0.00806,  41.65808,  47.64983,   1.87450,   0.45823,   0.23554,   0.44433
 420.00000,   4.00000,   7.52000,   1.63084,   1.08598,   0.00197,   0.00985,  47.73662,  21.26250,   1.23214,   0.41211,   0.12091,   0.43924
 421.00000,   4.00000,  12.78000,   1.67226,   5.61369,   0.00649,   0.00177,  58.07652,  58.40570,   2.11289,   0.49869,   0.10427,   0.21938
 422.00000,   4.00000,  10.79000,   1.25438,   3.51948,   0.00118,   0.00165,  57.31717,  73.99178,   2.34392,   0.52507,   0.63522,   0.19125
 423.00000,   4.00000,  13.39000,   2.03592,   6.03390,   0.00134,   0.00224,  51.64692,  43.25525,   1.78532,   0.52317,   0.15450,   0.40258
 424.00000,   4.00000,   5.32000,   1.55366,   1.01043,   0.00858,   0.01029,  49.72326,  11.72490,   0.94322,   0.47211,   0.22489,   0.50278
 425.00000,   4.00000,   5.19000,   1.45209,   0.71273,   0.00515,   0.00515,  45.55885,  12.77468,   0.98031,   0.46769,   0.69452,   0.18817
 426.00000,   4.00000,   5.48000,   2.36128,   1.23455,   0.00993,   0.03974,  56.07122,   5.38601,   0.61444,   0.49034,   0.67149,   0.28371
 427.00000,   4.00000,  10.35000,   1.26569,   3.94981,   0.00025,   0.00177,  58.98102,  66.86897,   2.04517,   0.60079,   0.43631,   0.30959
 428.00000,   4.00000,   2.68000,   1.18448,   0.46115,   0.34400,   0.05600,  48.83439,   5.11934,   0.61734,   0.52981,   0.42077,   0.44042
 429.00000,   4.00000,  10.47000,   0.90780,   2.30343,   0.00141,   0.00082,  63.81085, 133.01813,   3.11985,   0.59295,   0.68036,   0.12460
 430.00000,   4.00000,  15.31000,   1.92257,   7.51437,   0.00190,   0.00190,  66.51496,  63.41431,   2.20124,   0.55638,   0.34363,   0.24245
 431.00000,   4.00000,   6.03000,   1.88296,   1.62862,   0.00366,   0.02377,  53.33805,  10.25534,   0.84300,   0.50071,   0.17785,   0.34285
 432.00000,   4.00000,  19.26000,   2.27685,  20.18654,   0.00669,   0.00023,  60.54036,  71.55556,   2.08230,   0.55816,   0.59991,   0.17294
 433.00000,   4.00000,  13.48000,   2.08746,  12.66626,   0.01489,   0.00000,  85.36997,  41.70085,   1.78221,   0.64895,   0.42244,   0.17603
 434.00000,   4.00000,  10.67000,   1.72855,   5.30483,   0.00057,   0.00227,  46.26844,  38.10373,   1.68331,   0.58745,   0.06905,   0.56178
 435.00000,   4.00000,   8.70000,   1.38427,   2.33735,   0.00308,   0.00205,  49.39238,  39.50002,   1.72242,   0.53655,   0.78542,   0.12377
 436.00000,   4.00000,   7.21000,   1.15977,   0.95925,   0.00653,   0.00186,  55.50104,  38.64793,   1.70599,   0.52013,   0.39579,   0.18370
 437.00000,   4.00000,   9.31000,   1.24756,   1.90993,   0.00454,   0.00384,  51.42778,  55.68974,   1.99918,   0.50266,   0.62151,   0.25912
 438.00000,   4.00000,   3.81000,   1.17668,   1.03305,   0.13813,   0.01946,  49.02609,  10.48421,   0.87018,   0.62940,   0.65888,   0.23635
 439.00000,   4.00000,   9.39000,   1.30483,   2.57761,   0.00059,   0.00237,  65.17081,  51.78699,   1.97932,   0.51407,   0.47824,   0.31682
 440.00000,   4.00000,  14.57000,   1.52399,  12.63834,   0.00972,   0.00068,  64.14541,  91.40171,   2.62205,   0.56213,   0.26036,   0.38899
 441.00000,   4.00000,   9.83000,   1.07581,   1.91349,   0.00064,   0.00161,  37.16633,  83.48955,   2.45300,   0.47074,   0.54203,   0.39189
 442.00000,   4.00000,  16.19000,   1.80269,   7.89966,   0.00159,   0.00188,  85.53350,  80.65845,   2.25449,   0.50232,   0.62572,   0.31182
 443.00000,   4.00000,  13.80000,   1.11398,   4.49469,   0.00202,   0.00023,  83.72682, 153.46336,   3.39406,   0.50030,   0.46120,   0.27943
 444.00000,   4.00000,  23.24000,   2.30755,  43.81659,   0.02104,   0.00025,  80.14303, 101.43115,   2.67680,   0.62738,   0.39155,   0.23254
 445.00000,   4.00000,   4.78000,   1.38050,   0.73919,   0.00402,   0.01406,  41.53811,  11.98899,   0.93114,   0.45948,   0.26886,   0.44672
 446.00000,   4.00000,  10.77000,   1.22383,   3.46945,   0.00082,   0.00027,  47.51768,  77.44486,   2.42647,   0.47810,   0.22445,   0.39215
 447.00000,   4.00000,   3.97000,   1.52923,   0.93949,   0.15223,   0.02362,  56.53106,   6.73966,   0.70075,   0.64500,   0.24339,   0.61650
 448.00000,   4.00000,   6.07000,   1.34735,   1.35145,   0.06056,   0.00621,  63.45945,  20.29643,   1.23682,   0.48992,   0.39349,   0.31132
 449.00000,   4.00000,   8.68000,   1.09682,   2.40863,   0.00059,   0.00381,  54.43214,  62.62844,   2.17152,   0.57066,   0.47454,   0.29385
 450.00000,   4.00000,  15.53000,   2.02358,   4.47239,   0.00436,   0.00000,  62.34460,  58.89845,   2.09396,   0.46603,   0.49762,   0.32892
 451.00000,   4.00000,  15.55000,   1.66655,  10.45432,   0.00230,   0.00000,  74.85522,  87.06140,   2.56150,   0.59001,   0.56204,   0.31148
 452.00000,   4.00000,   4.79000,   1.32441,   1.34502,   0.01920,   0.01600,  47.78051,  13.08065,   0.99926,   0.58040,   0.35451,   0.29554
 453.00000,   4.00000,   9.88000,   1.22468,   2.98512,   0.00219,   0.00000,  49.13699,  65.08335,   2.12956,   0.49791,   0.38903,   0.35994
 454.00000,   4.00000,   3.89000,   1.39957,   0.82024,   0.05222,   0.02350,  49.57828,   7.72516,   0.75637,   0.54944,   0.07670,   0.82144
 455.00000,   4.00000,   5.39000,   1.65675,   1.20056,   0.00319,   0.01438,  59.14385,  10.58436,   0.88311,   0.48530,   0.45921,   0.28768
 456.00000,   4.00000,  10.75000,   2.32863,   5.37502,   0.00913,   0.00348, 107.87587,  21.31153,   1.27405,   0.59124,   0.07112,   0.57325
 457.00000,   4.00000,   2.62000,   0.98723,   0.39912,   0.32308,   0.06538,  36.91533,   7.04315,   0.65781,   0.60761,   0.58498,   0.28474
 458.00000,   4.00000,   4.34000,   1.38236,   0.87628,   0.04506,   0.01560,  58.53853,   9.85676,   0.86317,   0.55210,   0.42955,   0.36428
 459.00000,   4.00000,   4.39000,   0.94881,   0.96425,   0.04792,   0.00000,  44.84337,  21.40785,   1.27381,   0.55534,   0.06791,   0.24020
 460.00000,   4.00000,  14.06000,   2.01670,   7.95311,   0.02961,   0.00123,  50.03494,  48.60604,   1.90237,   0.53663,   0.23248,   0.45639
 461.00000,   4.00000,   5.27000,   1.70689,   1.37040,   0.00189,   0.01705,  55.38918,   9.53255,   0.84156,   0.55898,   0.36122,   0.21371
 462.00000,   4.00000,   4.83000,   1.54598,   0.91656,   0.00444,   0.02222,  46.10265,   9.76083,   0.85437,   0.47622,   0.29439,   0.47955
 463.00000,   4.00000,   5.34000,   1.70106,   1.28398,   0.01852,   0.01852,  65.75542,   9.85470,   0.86252,   0.56254,   0.50386,   0.46394
 464.00000,   4.00000,  17.05000,   1.71112,  12.08953,   0.00286,   0.00027,  73.95832,  99.28565,   2.72960,   0.53379,   0.24139,   0.48026
 465.00000,   4.00000,   7.69000,   1.90071,   3.03148,   0.00819,   0.00901,  74.59225,  16.36899,   1.04041,   0.68942,   0.19871,   0.44527
 466.00000,   4.00000,  10.49000,   1.59641,   3.33150,   0.00157,   0.00157,  59.03448,  43.17815,   1.81023,   0.48613,   0.50905,   0.21879
 467.00000,   4.00000,  13.36000,   1.93453,   8.69374,   0.01283,   0.00027,  78.41722,  47.69361,   1.88683,   0.56465,   0.09256,   0.70621
 468.00000,   4.00000,   5.44000,   1.73849,   1.51233,   0.04423,   0.00385,  53.10682,   9.79159,   0.82000,   0.53005,   0.02434,   0.45736
 469.00000,   4.00000,   8.45000,   0.90788,   3.01282,   0.00514,   0.00000,  53.87392,  86.62818,   2.55434,   0.58546,   0.54509,   0.21896
 470.00000,   4.00000,  13.67000,   1.16244,   5.77331,   0.00127,   0.00000,  56.81500, 138.29095,   3.15711,   0.54010,   0.23170,   0.24208
 471.00000,   4.00000,  14.60000,   1.87748,   8.79009,   0.00866,   0.00251,  59.20082,  60.47213,   2.14101,   0.57342,   0.46539,   0.41260
 472.00000,   4.00000,   5.76000,   0.86606,   0.54873,   0.00172,   0.00458,  39.49547,  44.23292,   1.82446,   0.42519,   0.24788,   0.16212
 473.00000,   4.00000,   5.81000,   1.47059,   1.46041,   0.02559,   0.00569,  67.59033,  15.60874,   1.10055,   0.50725,   0.51093,   0.46210
 474.00000,   4.00000,  12.85000,   1.61676,   7.59296,   0.00132,   0.00000,  83.77269,  63.17095,   2.17373,   0.69320,   0.44915,   0.34014
 475.00000,   4.00000,   8.46000,   1.08843,   1.93876,   0.00077,   0.00077,  43.26753,  60.41482,   2.10500,   0.48781,   0.48742,   0.36549
 476.00000,   4.00000,  10.58000,   1.47689,   3.83673,   0.00072,   0.00108,  54.28860,  51.31833,   1.95711,   0.46386,   0.38808,   0.57078
 477.00000,   4.00000,   8.43000,   1.25248,   2.34469,   0.00076,   0.00456,  58.07763,  45.30144,   1.83594,   0.52719,   0.51799,   0.29942
 478.00000,   4.00000,   6.23000,   0.96828,   0.85395,   0.00244,   0.00000,  49.47116,  41.39786,   1.76323,   0.46912,   0.45949,   0.16026
 479.00000,   4.00000,   9.43000,   2.16771,   4.97198,   0.01430,   0.00220,  48.03315,  18.92443,   1.01280,   0.54471,   0.40562,   0.11417
 480.00000,   4.00000,   6.19000,   1.25456,   1.42936,   0.00199,   0.01988,  41.32399,  24.34422,   1.34392,   0.49996,   0.35592,   0.51327
 481.00000,   4.00000,  16.82000,   1.70075,  14.66787,   0.00646,   0.00000,  69.58604,  97.80697,   2.70976,   0.60185,   0.55746,   0.26757
 482.00000,   4.00000,  15.33000,   1.49615,  10.40059,   0.00118,   0.00013,  72.68540, 104.98669,   2.78773,   0.51081,   0.24874,   0.48281
 483.00000,   4.00000,   5.97000,   0.92151,   0.66793,   0.00248,   0.00142,  67.26146,  41.97054,   1.80447,   0.52290,   0.44576,   0.28630
 484.00000,   4.00000,   9.56000,   1.21495,   4.03856,   0.01035,   0.00504,  60.85677,  61.91587,   2.17175,   0.55341,   0.03779,   0.46580
 485.00000,   4.00000,   6.25000,   1.82165,   1.62861,   0.00385,   0.01026,  66.26195,  11.77146,   0.93381,   0.55014,   0.06872,   0.33439
 486.00000,   4.00000,  11.77000,   1.39051,   7.06599,   0.01759,   0.00228,  61.10441,  71.64785,   2.28425,   0.58623,   0.47766,   0.41245
 487.00000,   4.00000,   5.55000,   3.46587,   1.59524,   0.02041,   0.02041,  57.32666,   2.56425,   0.43149,   0.53026,   0.55243,   0.28765
 488.00000,   4.00000,  14.14000,   1.21061,   7.01899,   0.00055,   0.00033,  66.19814, 136.42377,   3.23302,   0.49159,   0.62234,   0.20185
 489.00000,   4.00000,   5.87000,   0.79444,   1.76161,   0.01214,   0.00000,  45.27825,  54.59575,   2.03219,   0.62788,   0.35187,   0.10041
 490.00000,   4.00000,   4.42000,   1.25962,   0.84704,   0.02988,   0.01230,  46.21091,  12.31311,   0.92402,   0.50058,   0.26014,   0.42511
 491.00000,   4.00000,  16.15000,   1.84915,  15.15265,   0.00807,   0.00000,  71.43560,  76.27849,   2.41713,   0.54764,   0.14205,   0.56400
 492.00000,   4.00000,   9.55000,   1.25288,   5.98119,   0.01790,   0.00076,  45.19664,  58.10167,   2.05419,   0.50719,   0.40693,   0.36566
 493.00000,   4.00000,   9.67000,   1.36180,   1.92191,   0.00069,   0.00583,  57.87054,  50.42289,   1.94393,   0.44693,   0.26080,   0.54188
 494.00000,   4.00000,   6.52000,   1.34587,   1.63823,   0.01223,   0.00515,  66.21621,  23.46857,   1.32976,   0.55253,   0.32482,   0.51084
 495.00000,   4.00000,   7.19000,   1.27223,   2.62478,   0.01278,   0.00402,  85.75646,  31.93929,   1.55992,   0.60493,   0.48119,   0.24610
 496.00000,   4.00000,  12.44000,   1.37263,   7.40617,   0.00583,   0.00015,  81.46196,  82.13650,   2.49801,   0.63148,   0.45529,   0.21816
 497.00000,   4.00000,   6.84000,   1.31294,   2.36826,   0.00941,   0.00000,  43.07197,  27.14062,   1.38493,   0.45560,   0.24473,   0.19352
 498.00000,   4.00000,  11.28000,   2.04297,   7.06612,   0.00352,   0.00050,  65.24394,  30.48559,   1.28314,   0.58425,   0.48365,   0.19674
 499.00000,   4.00000,   5.47000,   0.91793,   1.92511,   0.06026,   0.00000,  42.52237,  35.51073,   1.63761,   0.60261,   0.42163,   0.15385
